T0859
GSMANKPMQPITSTANKIVWSDPTRLSTTFSASLLRQRVKVGIAELNNVSGQYVSVYKRPAPKPEGGADAGVIMPNENQSIRTVISGSAENLATLKAEWETHKRNVDTLFASGNAGLGFLDPTAAIVSSDTTA
................EEEE........H.HHHHHHHHHHH.HHHH......EEEEEE............EEE.......EEEEE...HHHHHHHHHHHHHH...............................
0 0 0 0 0 0 0 0 0 0 0 0 0 0 0 0 0 0 0 0 0 0 0 0 0 0 0 0 0 0 0 0 0 0 0 0 0 0 0 0 0 0 0 0 0 0 0 0 0 0 0 0 0 0 0 0 0 0 0 0 0 0 0 0 0 0 0 0 0 0 0 0 0 0 0 0 0 0 0 0 0 0 0 0 0 0 0 0 0 0 0 0 0 0 0 0 0 0 0 0 0 0 0 0 0 0 0 0 0 0 0 0 0 0 0 0 0 0 0 0 0 0 0 0 0 0 0 0 0 0 0 0 0 
0 0 0 0 0 0 0 0 0 0 0 0 0 0 0 0 0 0 0 0 0 0 0 0 0 0 0 0 0 0 0 0 0 0 0 0 0 0 0 0 0 0 0 0 0 0 0 0 0 0 0 0 0 0 0 0 0 0 0 0 0 0 0 0 0 0 0 0 0 0 0 0 0 0 0 0 0 0 0 0 0 0 0 0 0 0 0 0 0 0 0 0 0 0 0 0 0 0 0 0 0 0 0 0 0 0 0 0 0 0 0 0 0 0 0 0 0 0 0 0 0 0 0 0 0 0 0 0 0 0 0 0 0 
0 0.00370843 0.00359228 0.00638587 0.296227 0.0147681 0.0420498 0.00979087 0.0163736 0.0229584 0.0267583 0.0100958 0.0190875 0.0106293 0.0112568 0.010733 0.012155 0.0113803 
0.00370843 0 0.00372124 0.00357622 0.0376523 0.319862 0.0220895 0.102903 0.0217899 0.0116181 0.0213908 0.0445402 0.0112006 0.0134103 0.0106829 0.0272715 0.019668 0.010584 
0.00359228 0.00372124 0 0.00357501 0.0298108 0.0391511 0.26989 0.0570272 0.1033 0.0110469 0.016202 0.062509 0.0238973 0.0099429 0.0234408 0.0155861 0.0341062 0.0114722 
0.00638587 0.00357622 0.00357501 0 0.0235867 0.024114 0.0327848 0.11714 0.0627133 0.112052 0.0236116 0.0151175 0.0487445 0.0204194 0.00987512 0.0119849 0.015322 0.0179196 
0.296227 0.0376523 0.0298108 0.0235867 0 0.00392895 0.00360809 0.00361737 0.00383368 0.00666872 0.0567989 0.0116843 0.0812394 0.0146944 0.0121537 0.0123077 0.021795 0.0246696 
0.0147681 0.319862 0.0391511 0.024114 0.00392895 0 0.0036225 0.00359957 0.00363542 0.00395304 0.0139645 0.0918454 0.0127503 0.0155267 0.0140488 0.0271477 0.0243832 0.0160311 
0.0420498 0.0220895 0.26989 0.0327848 0.00360809 0.0036225 0 0.00355871 0.00357071 0.00357728 0.0373048 0.0179874 0.0533025 0.0107756 0.0499049 0.0312716 0.0435026 0.0116919 
0.00979087 0.102903 0.0570272 0.11714 0.00361737 0.00359957 0.00355871 0 0.00357173 0.00359976 0.0212329 0.0286109 0.11436 0.0135931 0.0118119 0.0570727 0.0151506 0.0208003 
0.0163736 0.0217899 0.1033 0.0627133 0.00383368 0.00363542 0.00357071 0.00357173 0 0.00392686 0.024081 0.17603 0.0289245 0.0129014 0.0177015 0.0130607 0.0287681 0.0134803 
0.0229584 0.0116181 0.0110469 0.112052 0.00666872 0.00395304 0.00357728 0.00359976 0.00392686 0 0.139257 0.0124435 0.0439615 0.0314271 0.0114967 0.0116308 0.0178919 0.0197304 
0.0267583 0.0213908 0.016202 0.0236116 0.0567989 0.0139645 0.0373048 0.0212329 0.024081 0.139257 0 0.00362579 0.00378796 0.0169993 0.0255542 0.180537 0.0180315 0.0502386 
0.0100958 0.0445402 0.062509 0.0151175 0.0116843 0.0918454 0.0179874 0.0286109 0.17603 0.0124435 0.00362579 0 0.00386778 0.00847652 0.147807 0.0139676 0.103811 0.0129873 
0.0190875 0.0112006 0.0238973 0.0487445 0.0812394 0.0127503 0.0533025 0.11436 0.0289245 0.0439615 0.00378796 0.00386778 0 0.107426 0.0141281 0.046816 0.0115219 0.0715094 
0.0106293 0.0134103 0.0099429 0.0204194 0.0146944 0.0155267 0.0107756 0.0135931 0.0129014 0.0314271 0.0169993 0.00847652 0.107426 0 0.00355422 0.0036165 0.00439005 0.00478214 
0.0112568 0.0106829 0.0234408 0.00987512 0.0121537 0.0140488 0.0499049 0.0118119 0.0177015 0.0114967 0.0255542 0.147807 0.0141281 0.00355422 0 0.00357825 0.00363728 0.00370635 
0.010733 0.0272715 0.0155861 0.0119849 0.0123077 0.0271477 0.0312716 0.0570727 0.0130607 0.0116308 0.180537 0.0139676 0.046816 0.0036165 0.00357825 0 0.00359214 0.00359863 
0.012155 0.019668 0.0341062 0.015322 0.021795 0.0243832 0.0435026 0.0151506 0.0287681 0.0178919 0.0180315 0.103811 0.0115219 0.00439005 0.00363728 0.00359214 0 0.00376136 
0.0113803 0.010584 0.0114722 0.0179196 0.0246696 0.0160311 0.0116919 0.0208003 0.0134803 0.0197304 0.0502386 0.0129873 0.0715094 0.00478214 0.00370635 0.00359863 0.00376136 0 
