81
4175
2149.457589
0.0663 0.0524 0.0267 0.0610 0.0089 0.0310 0.0775 0.0393 0.0513 0.0817 0.0812 0.0441 0.0171 0.0227 0.0292 0.0481 0.0434 0.0059 0.0186 0.0946 0.0990
0.004 0.002 0.000 0.003 0.000 0.002 0.012 0.001 0.001 0.000 0.001 0.003 0.001 0.000 0.024 0.005 0.002 0.000 0.000 0.000 0.933  0.1293
0.034 0.009 0.009 0.063 0.001 0.020 0.164 0.010 0.009 0.003 0.005 0.031 0.001 0.001 0.009 0.018 0.014 0.000 0.002 0.006 0.591  0.5057
0.022 0.013 0.023 0.107 0.002 0.023 0.074 0.002 0.004 0.076 0.151 0.026 0.027 0.028 0.004 0.025 0.077 0.001 0.014 0.074 0.227  0.8125
0.035 0.079 0.010 0.006 0.007 0.038 0.074 0.004 0.010 0.113 0.150 0.042 0.025 0.011 0.020 0.021 0.040 0.004 0.029 0.145 0.137  0.8494
0.104 0.064 0.056 0.142 0.002 0.077 0.183 0.027 0.022 0.009 0.016 0.085 0.004 0.002 0.008 0.049 0.030 0.001 0.005 0.012 0.101  0.8275
0.108 0.100 0.029 0.074 0.001 0.076 0.167 0.019 0.023 0.026 0.030 0.143 0.012 0.006 0.006 0.060 0.032 0.003 0.010 0.023 0.052  0.8555
0.037 0.001 0.001 0.000 0.002 0.001 0.001 0.001 0.002 0.433 0.169 0.004 0.026 0.022 0.000 0.002 0.007 0.000 0.026 0.215 0.049  0.5493
0.059 0.198 0.019 0.018 0.007 0.044 0.137 0.022 0.025 0.053 0.051 0.152 0.012 0.009 0.004 0.027 0.059 0.003 0.017 0.040 0.045  0.8490
0.114 0.096 0.055 0.086 0.003 0.086 0.165 0.024 0.036 0.008 0.014 0.119 0.003 0.006 0.005 0.065 0.045 0.001 0.014 0.011 0.043  0.8453
0.142 0.031 0.007 0.054 0.015 0.021 0.057 0.010 0.021 0.173 0.102 0.040 0.018 0.025 0.000 0.045 0.088 0.002 0.020 0.084 0.045  0.8656
0.136 0.002 0.001 0.002 0.011 0.000 0.002 0.003 0.002 0.261 0.290 0.005 0.023 0.013 0.001 0.011 0.018 0.002 0.003 0.163 0.050  0.6182
0.099 0.089 0.049 0.029 0.020 0.046 0.121 0.030 0.013 0.016 0.177 0.087 0.042 0.007 0.003 0.067 0.034 0.002 0.006 0.019 0.045  0.8720
0.135 0.059 0.065 0.054 0.005 0.067 0.103 0.053 0.032 0.009 0.013 0.094 0.005 0.004 0.010 0.181 0.059 0.000 0.001 0.008 0.040  0.8394
0.020 0.016 0.033 0.047 0.013 0.025 0.031 0.011 0.074 0.161 0.086 0.010 0.012 0.063 0.004 0.026 0.060 0.003 0.049 0.191 0.064  0.8619
0.045 0.025 0.034 0.136 0.004 0.028 0.137 0.033 0.014 0.006 0.011 0.051 0.002 0.002 0.318 0.054 0.017 0.001 0.005 0.007 0.070  0.7501
0.043 0.035 0.036 0.065 0.007 0.033 0.105 0.415 0.037 0.006 0.024 0.024 0.010 0.007 0.030 0.034 0.013 0.003 0.014 0.011 0.049  0.7422
0.025 0.011 0.009 0.015 0.004 0.006 0.013 0.024 0.005 0.186 0.038 0.007 0.003 0.008 0.009 0.008 0.006 0.006 0.010 0.583 0.023  0.5249
0.049 0.084 0.018 0.031 0.012 0.046 0.103 0.011 0.027 0.100 0.167 0.098 0.014 0.016 0.007 0.042 0.038 0.004 0.017 0.096 0.019  0.8808
0.082 0.061 0.064 0.135 0.007 0.034 0.107 0.203 0.022 0.005 0.004 0.055 0.004 0.006 0.005 0.154 0.032 0.001 0.006 0.003 0.013  0.7919
0.042 0.002 0.000 0.003 0.027 0.001 0.001 0.001 0.004 0.216 0.077 0.000 0.020 0.057 0.020 0.007 0.022 0.004 0.040 0.445 0.009  0.6018
0.017 0.047 0.033 0.060 0.002 0.022 0.053 0.019 0.517 0.024 0.018 0.051 0.001 0.004 0.010 0.039 0.028 0.001 0.025 0.019 0.008  0.6571
0.033 0.065 0.065 0.370 0.004 0.035 0.087 0.042 0.101 0.004 0.009 0.052 0.008 0.009 0.002 0.064 0.020 0.003 0.014 0.005 0.007  0.7419
0.011 0.001 0.000 0.000 0.015 0.001 0.001 0.001 0.002 0.169 0.467 0.000 0.022 0.082 0.012 0.003 0.008 0.001 0.006 0.190 0.005  0.5263
0.011 0.363 0.020 0.007 0.004 0.030 0.018 0.004 0.230 0.031 0.035 0.124 0.023 0.011 0.001 0.012 0.023 0.004 0.018 0.028 0.003  0.6792
0.139 0.001 0.000 0.000 0.007 0.001 0.001 0.047 0.004 0.172 0.109 0.000 0.029 0.022 0.003 0.058 0.184 0.001 0.003 0.213 0.004  0.6936
0.005 0.389 0.013 0.011 0.001 0.012 0.014 0.002 0.101 0.024 0.025 0.009 0.023 0.013 0.000 0.011 0.018 0.244 0.034 0.047 0.005  0.6515
0.047 0.105 0.052 0.050 0.008 0.089 0.050 0.027 0.064 0.012 0.017 0.102 0.019 0.011 0.026 0.131 0.060 0.049 0.061 0.018 0.005  0.9136
0.082 0.008 0.011 0.009 0.006 0.013 0.014 0.032 0.035 0.107 0.224 0.011 0.054 0.038 0.002 0.127 0.038 0.002 0.098 0.083 0.006  0.8182
0.044 0.007 0.020 0.044 0.010 0.006 0.031 0.607 0.004 0.003 0.006 0.013 0.005 0.001 0.019 0.078 0.077 0.002 0.002 0.010 0.014  0.5345
0.059 0.043 0.083 0.073 0.001 0.041 0.058 0.081 0.066 0.009 0.017 0.025 0.022 0.002 0.176 0.131 0.056 0.001 0.006 0.018 0.031  0.8666
0.027 0.114 0.080 0.081 0.004 0.050 0.068 0.116 0.063 0.012 0.027 0.097 0.016 0.028 0.002 0.056 0.061 0.005 0.042 0.027 0.025  0.9073
0.043 0.045 0.035 0.010 0.011 0.014 0.012 0.005 0.033 0.166 0.141 0.050 0.029 0.036 0.027 0.029 0.075 0.006 0.086 0.144 0.005  0.8614
0.104 0.018 0.037 0.012 0.007 0.020 0.028 0.002 0.066 0.086 0.131 0.010 0.037 0.183 0.001 0.037 0.025 0.015 0.071 0.108 0.002  0.8432
0.172 0.000 0.000 0.000 0.012 0.000 0.000 0.057 0.000 0.171 0.215 0.001 0.041 0.021 0.001 0.004 0.005 0.000 0.002 0.293 0.003  0.6034
0.051 0.009 0.029 0.245 0.006 0.040 0.176 0.005 0.007 0.037 0.012 0.009 0.006 0.008 0.000 0.188 0.134 0.001 0.015 0.019 0.003  0.7248
0.193 0.001 0.000 0.001 0.045 0.001 0.001 0.010 0.000 0.114 0.204 0.000 0.066 0.106 0.000 0.003 0.011 0.000 0.003 0.234 0.004  0.6529
0.019 0.025 0.021 0.114 0.002 0.015 0.069 0.010 0.486 0.015 0.007 0.044 0.001 0.004 0.000 0.029 0.070 0.001 0.004 0.044 0.018  0.6408
0.060 0.000 0.000 0.000 0.023 0.001 0.000 0.001 0.001 0.311 0.252 0.000 0.016 0.004 0.001 0.002 0.004 0.000 0.001 0.302 0.018  0.5185
0.081 0.056 0.016 0.046 0.022 0.052 0.179 0.033 0.015 0.047 0.076 0.034 0.012 0.013 0.003 0.046 0.054 0.006 0.012 0.193 0.005  0.8545
0.032 0.004 0.001 0.001 0.016 0.001 0.004 0.003 0.001 0.105 0.179 0.004 0.059 0.089 0.011 0.011 0.030 0.002 0.004 0.440 0.003  0.6022
0.069 0.040 0.071 0.293 0.011 0.016 0.055 0.018 0.021 0.004 0.010 0.050 0.003 0.002 0.203 0.069 0.024 0.001 0.004 0.017 0.018  0.7575
0.099 0.049 0.032 0.114 0.008 0.022 0.076 0.137 0.018 0.007 0.009 0.048 0.002 0.023 0.200 0.080 0.023 0.004 0.020 0.010 0.020  0.8377
0.051 0.045 0.104 0.179 0.005 0.031 0.110 0.087 0.042 0.009 0.017 0.048 0.010 0.010 0.021 0.084 0.073 0.004 0.015 0.010 0.046  0.8738
0.061 0.017 0.010 0.023 0.017 0.017 0.023 0.013 0.011 0.097 0.254 0.025 0.124 0.024 0.010 0.034 0.055 0.026 0.021 0.047 0.091  0.8472
0.019 0.026 0.053 0.101 0.006 0.013 0.022 0.013 0.011 0.009 0.040 0.037 0.009 0.007 0.072 0.246 0.218 0.002 0.006 0.015 0.075  0.7791
0.059 0.012 0.012 0.023 0.004 0.006 0.016 0.018 0.009 0.096 0.223 0.010 0.025 0.027 0.018 0.025 0.029 0.003 0.009 0.252 0.124  0.7618
0.092 0.077 0.026 0.068 0.005 0.045 0.111 0.040 0.019 0.025 0.042 0.076 0.021 0.010 0.017 0.111 0.041 0.004 0.023 0.039 0.104  0.9141
0.062 0.049 0.025 0.127 0.003 0.085 0.304 0.014 0.026 0.009 0.010 0.074 0.005 0.003 0.004 0.028 0.027 0.002 0.004 0.023 0.118  0.7666
0.310 0.013 0.005 0.008 0.013 0.012 0.013 0.109 0.009 0.060 0.053 0.006 0.012 0.023 0.012 0.098 0.035 0.010 0.025 0.075 0.099  0.7842
0.044 0.027 0.032 0.083 0.005 0.043 0.077 0.014 0.431 0.010 0.020 0.017 0.017 0.007 0.010 0.028 0.019 0.001 0.027 0.018 0.069  0.7281
0.118 0.079 0.033 0.165 0.004 0.085 0.175 0.025 0.023 0.014 0.027 0.069 0.010 0.006 0.014 0.037 0.042 0.004 0.009 0.019 0.043  0.8490
0.062 0.016 0.002 0.006 0.006 0.008 0.016 0.003 0.005 0.396 0.183 0.014 0.014 0.012 0.001 0.008 0.032 0.005 0.007 0.176 0.028  0.6355
0.218 0.039 0.005 0.004 0.037 0.016 0.040 0.045 0.002 0.115 0.122 0.050 0.018 0.005 0.003 0.086 0.076 0.000 0.006 0.087 0.027  0.8189
0.063 0.075 0.044 0.226 0.004 0.045 0.174 0.017 0.063 0.008 0.023 0.076 0.008 0.005 0.006 0.063 0.051 0.001 0.004 0.028 0.017  0.8179
0.112 0.154 0.046 0.071 0.004 0.088 0.175 0.016 0.028 0.016 0.034 0.104 0.014 0.003 0.003 0.053 0.037 0.002 0.011 0.020 0.010  0.8350
0.134 0.005 0.001 0.001 0.006 0.002 0.007 0.002 0.001 0.338 0.175 0.004 0.018 0.012 0.000 0.003 0.012 0.000 0.004 0.258 0.014  0.5718
0.037 0.124 0.022 0.015 0.007 0.074 0.394 0.008 0.026 0.020 0.017 0.107 0.006 0.003 0.001 0.041 0.047 0.001 0.003 0.022 0.025  0.7134
0.092 0.133 0.063 0.097 0.003 0.076 0.123 0.020 0.055 0.012 0.028 0.133 0.011 0.005 0.001 0.047 0.043 0.003 0.012 0.019 0.022  0.8590
0.130 0.139 0.023 0.048 0.021 0.049 0.095 0.017 0.029 0.047 0.083 0.100 0.024 0.010 0.001 0.038 0.035 0.002 0.012 0.044 0.053  0.8932
0.023 0.004 0.001 0.001 0.016 0.003 0.002 0.001 0.000 0.277 0.420 0.003 0.033 0.036 0.001 0.003 0.006 0.002 0.003 0.141 0.024  0.5418
0.051 0.180 0.013 0.007 0.012 0.058 0.085 0.020 0.057 0.035 0.102 0.167 0.039 0.025 0.001 0.039 0.026 0.003 0.026 0.022 0.031  0.8609
0.112 0.088 0.045 0.068 0.002 0.064 0.181 0.024 0.045 0.008 0.017 0.135 0.004 0.004 0.004 0.056 0.031 0.001 0.005 0.007 0.102  0.8265
0.114 0.115 0.041 0.045 0.005 0.067 0.167 0.023 0.045 0.021 0.032 0.145 0.007 0.006 0.005 0.056 0.032 0.001 0.011 0.031 0.032  0.8562
0.015 0.020 0.024 0.031 0.011 0.015 0.026 0.007 0.071 0.094 0.144 0.013 0.027 0.231 0.003 0.014 0.015 0.006 0.131 0.070 0.034  0.8206
0.025 0.023 0.032 0.052 0.001 0.014 0.046 0.074 0.018 0.004 0.005 0.040 0.004 0.003 0.298 0.031 0.011 0.000 0.003 0.003 0.312  0.6748
0.033 0.045 0.116 0.104 0.004 0.037 0.110 0.194 0.051 0.012 0.012 0.041 0.006 0.014 0.022 0.043 0.014 0.003 0.015 0.009 0.112  0.8470
0.038 0.008 0.008 0.010 0.016 0.003 0.008 0.007 0.006 0.320 0.108 0.005 0.011 0.030 0.008 0.011 0.012 0.000 0.043 0.257 0.091  0.6800
0.102 0.052 0.024 0.052 0.012 0.025 0.081 0.037 0.061 0.024 0.031 0.062 0.008 0.019 0.005 0.088 0.057 0.010 0.020 0.042 0.188  0.8974
0.019 0.096 0.044 0.158 0.007 0.033 0.121 0.011 0.220 0.017 0.015 0.026 0.007 0.014 0.002 0.066 0.030 0.001 0.032 0.020 0.062  0.8212
0.117 0.002 0.001 0.001 0.048 0.002 0.001 0.005 0.001 0.170 0.084 0.002 0.021 0.018 0.012 0.046 0.086 0.002 0.003 0.359 0.019  0.6661
0.019 0.024 0.029 0.035 0.008 0.015 0.011 0.004 0.032 0.081 0.076 0.010 0.035 0.072 0.001 0.043 0.343 0.001 0.038 0.107 0.014  0.7784
0.011 0.001 0.000 0.001 0.004 0.002 0.000 0.008 0.001 0.438 0.112 0.001 0.008 0.033 0.003 0.005 0.021 0.001 0.003 0.334 0.014  0.4865
0.012 0.035 0.016 0.014 0.003 0.221 0.112 0.018 0.422 0.010 0.007 0.021 0.006 0.006 0.001 0.016 0.043 0.001 0.009 0.010 0.017  0.6328
0.054 0.003 0.000 0.002 0.010 0.017 0.004 0.003 0.004 0.189 0.133 0.005 0.052 0.077 0.101 0.011 0.040 0.001 0.024 0.253 0.017  0.7391
0.008 0.020 0.033 0.251 0.005 0.013 0.407 0.005 0.012 0.017 0.010 0.012 0.003 0.004 0.001 0.012 0.018 0.000 0.021 0.031 0.114  0.6229
0.038 0.035 0.010 0.013 0.010 0.014 0.018 0.011 0.033 0.014 0.023 0.016 0.004 0.040 0.413 0.048 0.043 0.005 0.031 0.019 0.163  0.7213
0.080 0.032 0.021 0.057 0.026 0.019 0.099 0.030 0.020 0.050 0.045 0.031 0.012 0.024 0.037 0.061 0.032 0.004 0.048 0.089 0.184  0.9110
0.042 0.028 0.047 0.084 0.007 0.025 0.070 0.055 0.018 0.019 0.020 0.040 0.006 0.022 0.034 0.063 0.035 0.002 0.032 0.034 0.317  0.8329
0.028 0.022 0.021 0.072 0.015 0.016 0.047 0.022 0.020 0.015 0.021 0.034 0.006 0.006 0.025 0.025 0.020 0.002 0.007 0.023 0.551  0.6372
0.020 0.009 0.008 0.011 0.003 0.008 0.031 0.006 0.006 0.006 0.007 0.008 0.001 0.002 0.018 0.020 0.009 0.001 0.002 0.011 0.815  0.3220
0.000 0.000 0.000 0.000 0.000 0.000 0.000 0.000 0.000 0.000 0.001 0.000 0.000 0.000 0.000 0.000 0.000 0.000 0.000 0.000 0.990  0.0284
