T0866
MQTKKNEIWVGIFLLAALLAALFVCLKAANVTSIRTEPTYTLYATFDNIGGLKARSPVSIGGVVVGRVADITLDPKTYLPRVTLEIEQRYNHIPDTSSLSIRTSGLLGEQYLALNVGFEDPELGTAILKDGDTIQDTKSAMVLEDLIGQFLYGSKGDDNKNSGDAPAAAPGNNETTEPVGTTK
.....HHHHHHHHHHHHHHHHHHHHHHH...........EEEEEEE...........EEE..EEEEEEEEEEE.....EEEEEEEE...........EEEEEE......EEEEEEE..........E.....EE........HHHHHHHHH................................
0 0 0 0 0 0 0 0 0 0 0 0 0 0 0 0 0 0 0 0 0 0 0 0 0 0 0 0 0 0 0 0 0 0 0 0 0 0 0 0 0 0 0 0 0 0 0 0 0 0 0 0 0 0 0 0 0 0 0 0 0 0 0 0 0 0 0 0 0 0 0 0 0 0 0 0 0 0 0 0 0 0 0 0 0 0 0 0 0 0 0 0 0 0 0 0 0 0 0 0 0 0 0 0 0 0 0 0 0 0 0 0 0 0 0 0 0 0 0 0 0 0 0 0 0 0 0 0 0 0 0 0 0 0 0 0 0 0 0 0 0 0 0 0 0 0 0 0 0 0 0 0 0 0 0 0 0 0 0 0 0 0 0 0 0 0 0 0 0 0 0 0 0 0 0 0 0 0 0 0 0 0 0 
0 0 0 0 0 0 0 0 0 0 0 0 0 0 0 0 0 0 0 0 0 0 0 0 0 0 0 0 0 0 0 0 0 0 0 0 0 0 0 0 0 0 0 0 0 0 0 0 0 0 0 0 0 0 0 0 0 0 0 0 0 0 0 0 0 0 0 0 0 0 0 0 0 0 0 0 0 0 0 0 0 0 0 0 0 0 0 0 0 0 0 0 0 0 0 0 0 0 0 0 0 0 0 0 0 0 0 0 0 0 0 0 0 0 0 0 0 0 0 0 0 0 0 0 0 0 0 0 0 0 0 0 0 0 0 0 0 0 0 0 0 0 0 0 0 0 0 0 0 0 0 0 0 0 0 0 0 0 0 0 0 0 0 0 0 0 0 0 0 0 0 0 0 0 0 0 0 0 0 0 0 0 0 
0 0.00378883 0.00392025 0.00374036 0.00490643 0.00398495 0.0244071 0.0464532 0.00896204 0.0811319 0.0219087 0.0115223 0.0113333 0.0128732 0.0106086 0.0145923 0.0102537 0.00909719 0.0200267 0.00958962 0.13774 0.00961538 0.0193466 0.00890006 0.0184419 0.00920087 0.0319273 0.00950595 0.0921647 0.0107975 0.016441 0.00887542 0.012205 0.00957403 0.0294821 0.00936228 0.00920849 0.00984768 0.00888203 0.0101419 0.00872055 0.0237829 0.0125277 0.00861643 0.0144207 
0.00378883 0 0.0036365 0.00384923 0.00356491 0.00640564 0.00374285 0.00752372 0.13492 0.00880066 0.0135513 0.0184511 0.0123468 0.0116408 0.020257 0.00874643 0.0104227 0.0283578 0.00847615 0.137763 0.00913104 0.0200205 0.00853188 0.0369798 0.00881398 0.117399 0.00882325 0.126659 0.00856553 0.0144611 0.00917529 0.0296412 0.00928016 0.0362535 0.00898189 0.00862832 0.011308 0.00988537 0.0156912 0.00927985 0.0176082 0.00842949 0.00950662 0.0103095 0.00818786 
0.00392025 0.0036365 0 0.0035601 0.00404222 0.00358421 0.00461899 0.033861 0.00816127 0.0216499 0.0139021 0.012586 0.0176084 0.0180807 0.00978906 0.026235 0.0141126 0.0102278 0.126464 0.00847812 0.024147 0.00834438 0.031855 0.00858333 0.150109 0.00887541 0.21498 0.00870929 0.0205241 0.00885281 0.0303381 0.00960012 0.0811142 0.00996475 0.0100484 0.00891627 0.0095417 0.0240296 0.0119882 0.0446287 0.00917393 0.010934 0.00849033 0.00813548 0.0109025 
0.00374036 0.00384923 0.0035601 0 0.00361062 0.0039079 0.00356463 0.00782841 0.0332056 0.00906094 0.016315 0.0215624 0.0177459 0.0114803 0.0284801 0.0088451 0.0396028 0.0848812 0.00834542 0.0417431 0.00860317 0.021683 0.00833862 0.0865822 0.00897455 0.239982 0.00897311 0.050857 0.00849375 0.015945 0.00912834 0.114078 0.0107899 0.0162359 0.00973535 0.00878997 0.0124059 0.0108631 0.0415639 0.0101112 0.0162125 0.00863085 0.00930587 0.0101737 0.00819109 
0.00490643 0.00356491 0.00404222 0.00361062 0 0.00352923 0.00385303 0.0422143 0.00865263 0.0484726 0.0131357 0.0129806 0.0254348 0.0221783 0.0098494 0.10885 0.0247558 0.00856911 0.0670238 0.00860618 0.0228133 0.00844634 0.0422829 0.00875912 0.17067 0.00891414 0.10832 0.00892368 0.0186834 0.00882951 0.0524435 0.0101617 0.0509872 0.0109899 0.01033 0.00903113 0.00982786 0.0357683 0.0118435 0.0355767 0.00910097 0.0110789 0.00846338 0.00816628 0.0108756 
0.00398495 0.00640564 0.00358421 0.0039079 0.00352923 0 0.00422652 0.00893311 0.274725 0.00855155 0.0120149 0.027794 0.0106747 0.012296 0.0927155 0.0227714 0.00938806 0.0209081 0.00856055 0.0468048 0.00838135 0.0321206 0.00849054 0.0788184 0.00876683 0.0365799 0.0086903 0.0488502 0.0084232 0.038783 0.00897055 0.0334377 0.00955633 0.017548 0.00943171 0.00915303 0.0159936 0.00950946 0.019093 0.00900386 0.0202741 0.00852104 0.00915285 0.0108927 0.00813348 
0.0244071 0.00374285 0.00461899 0.00356463 0.00385303 0.00422652 0 0.101635 0.00754419 0.0894408 0.0203173 0.00956545 0.0131894 0.0449072 0.0185356 0.0144653 0.00904957 0.00824064 0.0156708 0.00836114 0.0507605 0.0102728 0.0442689 0.00876303 0.016091 0.00861938 0.0241919 0.00847605 0.0303916 0.0130996 0.0179396 0.00905632 0.0122992 0.00984592 0.0134564 0.0178025 0.00934464 0.0104148 0.0089836 0.0108262 0.00867379 0.0139696 0.0150012 0.00856137 0.0153114 
0.0464532 0.00752372 0.033861 0.00782841 0.0422143 0.00893311 0.101635 0 0.00359587 0.00379436 0.00469639 0.00694221 0.0941372 0.0625357 0.0071127 0.00911544 0.00652957 0.00636771 0.0133183 0.0077964 0.0992271 0.0152815 0.016002 0.00862017 0.0216675 0.00928824 0.0220509 0.00919896 0.0903444 0.0128233 0.0220689 0.00960624 0.0154112 0.0109788 0.0258188 0.0113702 0.0108827 0.0129537 0.0104455 0.0136456 0.00928454 0.0254071 0.0167207 0.00855494 0.0214526 
0.00896204 0.13492 0.00816127 0.0332056 0.00865263 0.274725 0.00754419 0.00359587 0 0.00359569 0.00838072 0.468948 0.0160923 0.00537693 0.00717067 0.00584267 0.00597637 0.00915104 0.00639624 0.0680627 0.00699908 0.017039 0.00810011 0.0168087 0.00866182 0.0188937 0.00852629 0.104957 0.00862702 0.0141192 0.0102372 0.0257185 0.00955829 0.0232724 0.0102561 0.00912497 0.0141526 0.00964616 0.0161169 0.00935862 0.0313194 0.00879183 0.00990917 0.0123649 0.00824155 
0.0811319 0.00880066 0.0216499 0.00906094 0.0484726 0.00855155 0.0894408 0.00379436 0.00359569 0 0.508771 0.016567 0.00451561 0.00397543 0.004506 0.00737235 0.0057126 0.00541778 0.0234945 0.00700704 0.0212969 0.00950909 0.011071 0.0087601 0.0171691 0.00899701 0.03473 0.0093169 0.0359488 0.0146643 0.021066 0.0100751 0.0181809 0.0150537 0.0307463 0.0153575 0.00996405 0.0135185 0.0108531 0.016197 0.0110044 0.0296825 0.0134867 0.0093345 0.0125128 
0.0219087 0.0135513 0.0139021 0.016315 0.0131357 0.0120149 0.0203173 0.00469639 0.00838072 0.508771 0 0.00371072 0.00360251 0.00361366 0.00366463 0.00389813 0.00408763 0.00544284 0.0156674 0.00891083 0.0272864 0.0128319 0.00881908 0.0108019 0.0125676 0.0136632 0.0197107 0.014128 0.0286517 0.0301795 0.0159121 0.0167055 0.0177184 0.0154911 0.0261411 0.0158245 0.0133312 0.0165838 0.0161463 0.0161605 0.0128803 0.0240558 0.0179248 0.0102762 0.0113067 
0.0115223 0.0184511 0.012586 0.0215624 0.0129806 0.027794 0.00956545 0.00694221 0.468948 0.016567 0.00371072 0 0.00361162 0.00356127 0.00362724 0.00382935 0.00377508 0.0154185 0.00478575 0.0106343 0.00728951 0.00861357 0.0116324 0.0120713 0.0169982 0.0168007 0.0129503 0.0291004 0.0128148 0.0171606 0.0323827 0.0392102 0.0281523 0.0279949 0.0129466 0.0112632 0.0230973 0.0290699 0.0390825 0.0282075 0.033191 0.0112293 0.0104924 0.00917477 0.00874457 
0.0113333 0.0123468 0.0176084 0.0177459 0.0254348 0.0106747 0.0131894 0.0941372 0.0160923 0.00451561 0.00360251 0.00361162 0 0.00355581 0.00359733 0.00361618 0.0101853 0.00382614 0.00440713 0.00417453 0.00533497 0.00725894 0.00888611 0.0147687 0.0163974 0.0139257 0.020926 0.0129985 0.0612743 0.0128412 0.0238209 0.0443201 0.0532717 0.0332012 0.017098 0.0107617 0.0250401 0.0451671 0.0615158 0.071586 0.0237461 0.0153769 0.00957932 0.0087348 0.00894223 
0.0128732 0.0116408 0.0180807 0.0114803 0.0221783 0.012296 0.0449072 0.0625357 0.00537693 0.00397543 0.00361366 0.00356127 0.00355581 0 0.00359029 0.00373895 0.00365392 0.00357082 0.00406494 0.00373168 0.00414986 0.00669454 0.0142833 0.00874616 0.0260693 0.0126907 0.0269001 0.0880934 0.180321 0.0114962 0.0322221 0.0234598 0.0585014 0.0174372 0.0153824 0.0106686 0.0187606 0.0416176 0.0488133 0.058625 0.0169497 0.0133419 0.00933353 0.00851134 0.00900449 
0.0106086 0.020257 0.00978906 0.0284801 0.0098494 0.0927155 0.0185356 0.0071127 0.00717067 0.004506 0.00366463 0.00362724 0.00359733 0.00359029 0 0.0034728 0.00355295 0.00372841 0.00362694 0.00464877 0.00373128 0.00994007 0.00697121 0.0178368 0.0094591 0.0340119 0.0516902 0.384102 0.0245552 0.0180185 0.0153668 0.0556574 0.0171041 0.0217344 0.0118234 0.0105144 0.0185696 0.0204651 0.0651261 0.0214764 0.0211128 0.0102463 0.00961274 0.00940155 0.00836503 
0.0145923 0.00874643 0.026235 0.0088451 0.10885 0.0227714 0.0144653 0.00911544 0.00584267 0.00737235 0.00389813 0.00382935 0.00361618 0.00373895 0.0034728 0 0.00357313 0.00356228 0.00443101 0.00359046 0.00966369 0.00585279 0.00884285 0.00772361 0.0241562 0.0465393 0.391139 0.0291954 0.0310184 0.012942 0.0238732 0.0103141 0.0283774 0.0116176 0.0107667 0.00912072 0.0108245 0.0257158 0.0150044 0.0253703 0.00981152 0.0098873 0.00883222 0.00827196 0.00928414 
0.0102537 0.0104227 0.0141126 0.0396028 0.0247558 0.00938806 0.00904957 0.00652957 0.00597637 0.0057126 0.00408763 0.00377508 0.0101853 0.00365392 0.00355295 0.00357313 0 0.00355079 0.00354707 0.00364012 0.00358673 0.00554328 0.00674187 0.00805255 0.0785837 0.163713 0.053726 0.00928659 0.0125088 0.0139899 0.0110046 0.0179522 0.0176382 0.0121654 0.00965268 0.00939893 0.0131971 0.0189294 0.0206628 0.0245936 0.0105954 0.0093924 0.00860623 0.00859689 0.00850822 
0.00909719 0.0283578 0.0102278 0.0848812 0.00856911 0.0209081 0.00824064 0.00636771 0.00915104 0.00541778 0.00544284 0.0154185 0.00382614 0.00357082 0.00372841 0.00356228 0.00355079 0 0.00352603 0.00389349 0.00354624 0.00809895 0.00579975 0.116975 0.063729 0.336811 0.0106346 0.0349812 0.00706354 0.0111861 0.00943149 0.0398054 0.011189 0.0179292 0.00949282 0.00916173 0.0132531 0.0124363 0.0428659 0.0119765 0.0185051 0.00894589 0.00918606 0.0104589 0.00825135 
0.0200267 0.00847615 0.126464 0.00834542 0.0670238 0.00856055 0.0156708 0.0133183 0.00639624 0.0234945 0.0156674 0.00478575 0.00440713 0.00406494 0.00362694 0.00443101 0.00354707 0.00352603 0 0.00352969 0.00391658 0.00421271 0.128518 0.0144887 0.375114 0.00728881 0.0562874 0.00705383 0.0194647 0.00912258 0.035186 0.00927646 0.0596022 0.0101065 0.010254 0.0101117 0.0101144 0.0330434 0.0114641 0.0493595 0.00912066 0.0122317 0.00975598 0.00835293 0.0130645 
0.00958962 0.137763 0.00847812 0.0417431 0.00860618 0.0468048 0.00836114 0.0077964 0.0680627 0.00700704 0.00891083 0.0106343 0.00417453 0.00373168 0.00464877 0.00359046 0.00364012 0.00389349 0.00352969 0 0.00361287 0.124698 0.047844 0.29144 0.00668626 0.0314988 0.00672737 0.0568021 0.00632461 0.0273093 0.0097317 0.0489888 0.0099628 0.0202221 0.0111538 0.010399 0.0199253 0.0101883 0.0253012 0.00974264 0.0349819 0.00905455 0.0120335 0.0165639 0.00854267 
0.13774 0.00913104 0.024147 0.00860317 0.0228133 0.00838135 0.0507605 0.0992271 0.00699908 0.0212969 0.0272864 0.00728951 0.00533497 0.00414986 0.00373128 0.00966369 0.00358673 0.00354624 0.00391658 0.00361287 0 0.0878044 0.2826 0.00443064 0.0126327 0.00600866 0.0267731 0.00622181 0.0361795 0.0133055 0.0302098 0.00883587 0.0161558 0.0102802 0.018765 0.0242504 0.0104825 0.015853 0.00925883 0.014735 0.00881555 0.0249416 0.0186196 0.00980878 0.0202963 
0.00961538 0.0200205 0.00834438 0.021683 0.00844634 0.0321206 0.0102728 0.0152815 0.017039 0.00950909 0.0128319 0.00861357 0.00725894 0.00669454 0.00994007 0.00585279 0.00554328 0.00809895 0.00421271 0.124698 0.0878044 0 0.00678471 0.00371404 0.0035592 0.00404915 0.00366462 0.00699999 0.00473773 0.0209949 0.00810322 0.0139954 0.00848278 0.0128478 0.0215627 0.0127818 0.010383 0.00912102 0.0113173 0.00880248 0.0132896 0.0101022 0.016598 0.0189525 0.00877389 
0.0193466 0.00853188 0.031855 0.00833862 0.0422829 0.00849054 0.0442689 0.016002 0.00810011 0.011071 0.00881908 0.0116324 0.00888611 0.0142833 0.00697121 0.00884285 0.00674187 0.00579975 0.128518 0.047844 0.2826 0.00678471 0 0.00352989 0.00360807 0.0035428 0.00393355 0.00362289 0.00542075 0.00781904 0.0216644 0.00864737 0.0179721 0.0213361 0.0398587 0.00946308 0.0104272 0.015525 0.00968581 0.022839 0.0089713 0.0124605 0.0107626 0.0087651 0.0123886 
0.00890006 0.0369798 0.00858333 0.0865822 0.00875912 0.0788184 0.00876303 0.00862017 0.0168087 0.0087601 0.0108019 0.0120713 0.0147687 0.00874616 0.0178368 0.00772361 0.00805255 0.116975 0.0144887 0.29144 0.00443064 0.00371404 0.00352989 0 0.00353906 0.00364912 0.003591 0.00371255 0.00360137 0.0117183 0.00871531 0.0304227 0.00901912 0.105219 0.0344823 0.00946437 0.0144922 0.0110578 0.0397275 0.0104785 0.0245669 0.00895043 0.0108445 0.0110352 0.00840432 
0.0184419 0.00881398 0.150109 0.00897455 0.17067 0.00876683 0.016091 0.0216675 0.00866182 0.0171691 0.0125676 0.0169982 0.0163974 0.0260693 0.0094591 0.0241562 0.0785837 0.063729 0.375114 0.00668626 0.0126327 0.0035592 0.00360807 0.00353906 0 0.0035784 0.00397814 0.00361148 0.00408623 0.00870945 0.0261386 0.0094023 0.159365 0.0733505 0.0537574 0.0107833 0.0147316 0.0534508 0.0151568 0.0883657 0.0107305 0.0146867 0.0102111 0.00853472 0.0120029 
0.00920087 0.117399 0.00887541 0.239982 0.00891414 0.0365799 0.00861938 0.00928824 0.0188937 0.00899701 0.0136632 0.0168007 0.0139257 0.0126907 0.0340119 0.0465393 0.163713 0.336811 0.00728881 0.0314988 0.00600866 0.00404915 0.0035428 0.00364912 0.0035784 0 0.00357581 0.00400793 0.00355888 0.0280364 0.00885527 0.181084 0.020996 0.131483 0.0120893 0.0100709 0.0213356 0.0117422 0.0636355 0.0119639 0.0362162 0.0093665 0.0117293 0.0123552 0.00848112 
0.0319273 0.00882325 0.21498 0.00897311 0.10832 0.0086903 0.0241919 0.0220509 0.00852629 0.03473 0.0197107 0.0129503 0.020926 0.0269001 0.0516902 0.391139 0.053726 0.0106346 0.0562874 0.00672737 0.0267731 0.00366462 0.00393355 0.003591 0.00397814 0.00357581 0 0.00354501 0.00387501 0.00809624 0.158328 0.0154128 0.200477 0.0168837 0.0118755 0.0120588 0.0109062 0.0365881 0.0130542 0.0800457 0.00968554 0.019269 0.0104041 0.00850613 0.0158087 
0.00950595 0.126659 0.00870929 0.050857 0.00892368 0.0488502 0.00847605 0.00919896 0.104957 0.0093169 0.014128 0.0291004 0.0129985 0.0880934 0.384102 0.0291954 0.00928659 0.0349812 0.00705383 0.0568021 0.00622181 0.00699999 0.00362289 0.00371255 0.00361148 0.00400793 0.00354501 0 0.00357606 0.117559 0.0113519 0.232753 0.00963059 0.0221383 0.0103952 0.00983032 0.0164485 0.00979888 0.0222192 0.0103046 0.0594106 0.00973071 0.0132714 0.0178935 0.00855861 
0.0921647 0.00856553 0.0205241 0.00849375 0.0186834 0.0084232 0.0303916 0.0903444 0.00862702 0.0359488 0.0286517 0.0128148 0.0612743 0.180321 0.0245552 0.0310184 0.0125088 0.00706354 0.0194647 0.00632461 0.0361795 0.00473773 0.00542075 0.00360137 0.00408623 0.00355888 0.00387501 0.00357606 0 0.0339711 0.169849 0.00769795 0.0120682 0.0100248 0.0172529 0.0193892 0.00980582 0.0110316 0.0090204 0.0142707 0.00894197 0.0758995 0.019251 0.00938501 0.0215582 
0.0107975 0.0144611 0.00885281 0.015945 0.00882951 0.038783 0.0130996 0.0128233 0.0141192 0.0146643 0.0301795 0.0171606 0.0128412 0.0114962 0.0180185 0.012942 0.0139899 0.0111861 0.00912258 0.0273093 0.0133055 0.0209949 0.00781904 0.0117183 0.00870945 0.0280364 0.00809624 0.117559 0.0339711 0 0.0036229 0.00358918 0.00360415 0.00370523 0.00422803 0.00841075 0.00860968 0.00854383 0.0117614 0.0465704 0.44759 0.0727999 0.0262191 0.0212372 0.013027 
0.016441 0.00917529 0.0303381 0.00912834 0.0524435 0.00897055 0.0179396 0.0220689 0.0102372 0.021066 0.0159121 0.0323827 0.0238209 0.0322221 0.0153668 0.0238732 0.0110046 0.00943149 0.035186 0.0097317 0.0302098 0.00810322 0.0216644 0.00871531 0.0261386 0.00885527 0.158328 0.0113519 0.169849 0.0036229 0 0.00357091 0.00355948 0.00360963 0.00367741 0.00676906 0.0098103 0.0120764 0.0462085 0.545338 0.038533 0.0225295 0.0136566 0.00953407 0.016029 
0.00887542 0.0296412 0.00960012 0.114078 0.0101617 0.0334377 0.00905632 0.00960624 0.0257185 0.0100751 0.0167055 0.0392102 0.0443201 0.0234598 0.0556574 0.0103141 0.0179522 0.0398054 0.00927646 0.0489888 0.00883587 0.0139954 0.00864737 0.0304227 0.0094023 0.181084 0.0154128 0.232753 0.00769795 0.00358918 0.00357091 0 0.00354375 0.00358284 0.00360267 0.00754667 0.0133883 0.0550679 0.590746 0.0458443 0.0291654 0.00861226 0.0114463 0.0110615 0.0086988 
0.012205 0.00928016 0.0811142 0.0107899 0.0509872 0.00955633 0.0122992 0.0154112 0.00955829 0.0181809 0.0177184 0.0281523 0.0532717 0.0585014 0.0171041 0.0283774 0.0176382 0.011189 0.0596022 0.0099628 0.0161558 0.00848278 0.0179721 0.00901912 0.159365 0.020996 0.200477 0.00963059 0.0120682 0.00360415 0.00355948 0.00354375 0 0.00355306 0.00362364 0.0106288 0.056029 0.561112 0.0702516 0.048402 0.0228369 0.0223684 0.0104261 0.0088648 0.0118188 
0.00957403 0.0362535 0.00996475 0.0162359 0.0109899 0.017548 0.00984592 0.0109788 0.0232724 0.0150537 0.0154911 0.0279949 0.0332012 0.0174372 0.0217344 0.0116176 0.0121654 0.0179292 0.0101065 0.0202221 0.0102802 0.0128478 0.0213361 0.105219 0.0733505 0.131483 0.0168837 0.0221383 0.0100248 0.00370523 0.00360963 0.00358284 0.00355306 0 0.00373335 0.0551126 0.595454 0.0757174 0.0242124 0.0227434 0.0339003 0.0114442 0.0156472 0.012054 0.00989363 
0.0294821 0.00898189 0.0100484 0.00973535 0.01033 0.00943171 0.0134564 0.0258188 0.0102561 0.0307463 0.0261411 0.0129466 0.017098 0.0153824 0.0118234 0.0107667 0.00965268 0.00949282 0.010254 0.0111538 0.018765 0.0215627 0.0398587 0.0344823 0.0537574 0.0120893 0.0118755 0.0103952 0.0172529 0.00422803 0.00367741 0.00360267 0.00362364 0.00373335 0 0.521131 0.0533749 0.0143527 0.00956554 0.013071 0.00950477 0.0297081 0.0190403 0.0131905 0.0126969 
0.00936228 0.00862832 0.00891627 0.00878997 0.00903113 0.00915303 0.0178025 0.0113702 0.00912497 0.0153575 0.0158245 0.0112632 0.0107617 0.0106686 0.0105144 0.00912072 0.00939893 0.00916173 0.0101117 0.010399 0.0242504 0.0127818 0.00946308 0.00946437 0.0107833 0.0100709 0.0120588 0.00983032 0.0193892 0.00841075 0.00676906 0.00754667 0.0106288 0.0551126 0.521131 0 0.00359607 0.00357364 0.00368478 0.00366563 0.00375587 0.017035 0.0241147 0.0129909 0.0164841 
0.00920849 0.011308 0.0095417 0.0124059 0.00982786 0.0159936 0.00934464 0.0108827 0.0141526 0.00996405 0.0133312 0.0230973 0.0250401 0.0187606 0.0185696 0.0108245 0.0131971 0.0132531 0.0101144 0.0199253 0.0104825 0.010383 0.0104272 0.0144922 0.0147316 0.0213356 0.0109062 0.0164485 0.00980582 0.00860968 0.0098103 0.0133883 0.056029 0.595454 0.0533749 0.00359607 0 0.00358555 0.00355724 0.00358207 0.00370698 0.0036649 0.0110062 0.0133213 0.010711 
0.00984768 0.00988537 0.0240296 0.0108631 0.0357683 0.00950946 0.0104148 0.0129537 0.00964616 0.0135185 0.0165838 0.0290699 0.0451671 0.0416176 0.0204651 0.0257158 0.0189294 0.0124363 0.0330434 0.0101883 0.015853 0.00912102 0.015525 0.0110578 0.0534508 0.0117422 0.0365881 0.00979888 0.0110316 0.00854383 0.0120764 0.0550679 0.561112 0.0757174 0.0143527 0.00357364 0.00358555 0 0.00356272 0.00360586 0.00356923 0.00359956 0.00902832 0.0095033 0.0105856 
0.00888203 0.0156912 0.0119882 0.0415639 0.0118435 0.019093 0.0089836 0.0104455 0.0161169 0.0108531 0.0161463 0.0390825 0.0615158 0.0488133 0.0651261 0.0150044 0.0206628 0.0428659 0.0114641 0.0253012 0.00925883 0.0113173 0.00968581 0.0397275 0.0151568 0.0636355 0.0130542 0.0222192 0.0090204 0.0117614 0.0462085 0.590746 0.0702516 0.0242124 0.00956554 0.00368478 0.00355724 0.00356272 0 0.00357125 0.00357331 0.00356546 0.00911942 0.0111539 0.00911102 
0.0101419 0.00927985 0.0446287 0.0101112 0.0355767 0.00900386 0.0108262 0.0136456 0.00935862 0.016197 0.0161605 0.0282075 0.071586 0.058625 0.0214764 0.0253703 0.0245936 0.0119765 0.0493595 0.00974264 0.014735 0.00880248 0.022839 0.0104785 0.0883657 0.0119639 0.0800457 0.0103046 0.0142707 0.0465704 0.545338 0.0458443 0.048402 0.0227434 0.013071 0.00366563 0.00358207 0.00360586 0.00357125 0 0.00357146 0.00356172 0.00959748 0.00895021 0.0126547 
0.00872055 0.0176082 0.00917393 0.0162125 0.00910097 0.0202741 0.00867379 0.00928454 0.0313194 0.0110044 0.0128803 0.033191 0.0237461 0.0169497 0.0211128 0.00981152 0.0105954 0.0185051 0.00912066 0.0349819 0.00881555 0.0132896 0.0089713 0.0245669 0.0107305 0.0362162 0.00968554 0.0594106 0.00894197 0.44759 0.038533 0.0291654 0.0228369 0.0339003 0.00950477 0.00375587 0.00370698 0.00356923 0.00357331 0.00357146 0 0.00361213 0.0142708 0.0279469 0.0102402 
0.0237829 0.00842949 0.010934 0.00863085 0.0110789 0.00852104 0.0139696 0.0254071 0.00879183 0.0296825 0.0240558 0.0112293 0.0153769 0.0133419 0.0102463 0.0098873 0.0093924 0.00894589 0.0122317 0.00905455 0.0249416 0.0101022 0.0124605 0.00895043 0.0146867 0.0093665 0.019269 0.00973071 0.0758995 0.0727999 0.0225295 0.00861226 0.0223684 0.0114442 0.0297081 0.017035 0.0036649 0.00359956 0.00356546 0.00356172 0.00361213 0 0.052569 0.011803 0.0696051 
0.0125277 0.00950662 0.00849033 0.00930587 0.00846338 0.00915285 0.0150012 0.0167207 0.00990917 0.0134867 0.0179248 0.0104924 0.00957932 0.00933353 0.00961274 0.00883222 0.00860623 0.00918606 0.00975598 0.0120335 0.0186196 0.016598 0.0107626 0.0108445 0.0102111 0.0117293 0.0104041 0.0132714 0.019251 0.0262191 0.0136566 0.0114463 0.0104261 0.0156472 0.0190403 0.0241147 0.0110062 0.00902832 0.00911942 0.00959748 0.0142708 0.052569 0 0.160606 0.0786596 
0.00861643 0.0103095 0.00813548 0.0101737 0.00816628 0.0108927 0.00856137 0.00855494 0.0123649 0.0093345 0.0102762 0.00917477 0.0087348 0.00851134 0.00940155 0.00827196 0.00859689 0.0104589 0.00835293 0.0165639 0.00980878 0.0189525 0.0087651 0.0110352 0.00853472 0.0123552 0.00850613 0.0178935 0.00938501 0.0212372 0.00953407 0.0110615 0.0088648 0.012054 0.0131905 0.0129909 0.0133213 0.0095033 0.0111539 0.00895021 0.0279469 0.011803 0.160606 0 0.00713816 
0.0144207 0.00818786 0.0109025 0.00819109 0.0108756 0.00813348 0.0153114 0.0214526 0.00824155 0.0125128 0.0113067 0.00874457 0.00894223 0.00900449 0.00836503 0.00928414 0.00850822 0.00825135 0.0130645 0.00854267 0.0202963 0.00877389 0.0123886 0.00840432 0.0120029 0.00848112 0.0158087 0.00855861 0.0215582 0.013027 0.016029 0.0086988 0.0118188 0.00989363 0.0126969 0.0164841 0.010711 0.0105856 0.00911102 0.0126547 0.0102402 0.0696051 0.0786596 0.00713816 0 
